1.11663499151505 2.71732711616519
1.8587793045034584 3.2631886582754905
1.919410632674989 3.128847834665068
2.048008954839714 3.6025389937081838
3.1125670041691484 2.8348904093089398
1.6488475731845649 2.892837846348595
1.7186929286096952 3.305936750314321
2.4355918963489276 3.4170231553001
1.9821142639941818 3.1217753238435932
1.9595290328952686 3.418786896098112
1.9291017326058524 3.3220506980751896
1.8110271428614184 3.046379789053491
1.7925326453590167 2.892902678884306
2.493190790162845 3.4034380152711625
2.7303090796447993 3.4077799963877617
1.3915533594117102 2.631015588217558
1.3653508758802948 2.6069629014161295
3.521884586721577 3.362316665379725
2.3076083215362098 3.2102179415087755
1.6749518886870325 3.1539822559996833
0.039346206314486896 0.4426989508565838
-0.24413144938344833 0.4056518848486864
-0.1484328910758356 0.3940550174234783
-0.1323583863331307 0.5371547856002324
-0.16470083053694504 0.42038059799605726
0.10211515528874562 0.5762541116985718
-0.10796614340394813 0.49849376842468063
0.00992215395021564 0.09911460443132163
0.1968388697507789 0.3976095183734377
0.22206625743368422 0.4156354589608148
0.0356798884236549 0.18549079218805192
0.34366232592384194 0.47493002818511526
0.004945513751006372 0.07015023624045355
0.0778340780735123 0.26791031030022067
0.10905091269330572 0.3117030816832046
1.11663499151505 2.71732711616519
1.8587793045034584 3.2631886582754905
1.919410632674989 3.128847834665068
2.048008954839714 3.6025389937081838
3.1125670041691484 2.8348904093089393
1.6488475731845649 2.892837846348595
1.7186929286096952 3.30593675031432
2.4355918963489276 3.4170231553001
1.9821142639941818 3.1217753238435932
1.9595290328952686 3.418786896098112
1.9291017326058524 3.3220506980751896
1.8110271428614184 3.046379789053491
1.7925326453590167 2.892902678884306
2.493190790162845 3.4034380152711625
2.7303090796447993 3.4077799963877613
1.3915533594117102 2.631015588217558
1.3653508758802948 2.606962901416129
3.521884586721577 3.362316665379725
2.3076083215362098 3.2102179415087755
1.6749518886870325 3.1539822559996833
0.039346206314486855 0.4426989508565838
-0.2441314493834483 0.4056518848486864
-0.14843289107583557 0.3940550174234783
-0.13235838633313068 0.5371547856002324
-0.16470083053694504 0.4203805979960572
0.10211515528874558 0.5762541116985718
-0.10796614340394814 0.49849376842468063
0.00992215395021564 0.09911460443132163
0.1968388697507789 0.3976095183734377
0.22206625743368422 0.4156354589608148
0.0356798884236549 0.18549079218805192
0.34366232592384194 0.47493002818511526
0.004945513751006372 0.07015023624045354
0.0778340780735123 0.26791031030022067
0.10905091269330572 0.3117030816832047
1.11663499151505 2.71732711616519
1.8587793045034584 3.2631886582754905
1.919410632674989 3.128847834665068
2.048008954839714 3.6025389937081838
3.1125670041691484 2.8348904093089393
1.6488475731845649 2.892837846348595
1.7186929286096952 3.30593675031432
2.4355918963489276 3.4170231553001
1.9821142639941818 3.121775323843593
1.9595290328952686 3.418786896098112
1.9291017326058524 3.322050698075189
1.8110271428614184 3.046379789053491
1.7925326453590167 2.892902678884306
2.493190790162845 3.4034380152711625
2.7303090796447993 3.4077799963877613
1.3915533594117102 2.631015588217558
1.3653508758802948 2.606962901416129
3.521884586721577 3.362316665379725
2.3076083215362098 3.210217941508776
1.6749518886870325 3.1539822559996837
0.039346206314486855 0.4426989508565838
-0.2441314493834483 0.4056518848486864
-0.14843289107583557 0.3940550174234783
-0.13235838633313074 0.5371547856002324
-0.164700830536945 0.4203805979960572
0.10211515528874557 0.5762541116985718
-0.10796614340394813 0.49849376842468063
0.00992215395021564 0.09911460443132163
0.1968388697507789 0.3976095183734378
0.22206625743368422 0.4156354589608148
0.0356798884236549 0.18549079218805192
0.34366232592384194 0.47493002818511526
0.004945513751006372 0.07015023624045354
0.0778340780735123 0.26791031030022067
0.10905091269330572 0.3117030816832047
1.11663499151505 2.71732711616519
1.8587793045034584 3.2631886582754905
1.919410632674989 3.128847834665068
2.048008954839714 3.6025389937081838
3.1125670041691484 2.8348904093089393
1.6488475731845649 2.892837846348595
1.7186929286096952 3.30593675031432
2.4355918963489276 3.4170231553001
1.9821142639941818 3.121775323843593
1.9595290328952686 3.418786896098112
1.9291017326058524 3.3220506980751896
1.8110271428614184 3.046379789053491
1.7925326453590167 2.892902678884306
2.493190790162845 3.4034380152711625
2.7303090796447993 3.4077799963877613
1.3915533594117102 2.6310155882175574
1.3653508758802948 2.606962901416129
3.521884586721577 3.362316665379725
2.3076083215362098 3.2102179415087755
1.6749518886870325 3.1539822559996833
0.039346206314486896 0.4426989508565838
-0.2441314493834483 0.4056518848486864
-0.14843289107583554 0.3940550174234783
-0.13235838633313074 0.5371547856002324
-0.16470083053694495 0.4203805979960572
0.10211515528874553 0.5762541116985718
-0.10796614340394813 0.49849376842468063
0.00992215395021564 0.09911460443132163
0.1968388697507789 0.3976095183734377
0.22206625743368422 0.4156354589608149
0.0356798884236549 0.1854907921880521
0.34366232592384194 0.47493002818511526
0.004945513751006372 0.07015023624045354
0.0778340780735123 0.26791031030022067
0.10905091269330572 0.31170308168320465
1.11663499151505 2.71732711616519
1.8587793045034584 3.2631886582754905
1.919410632674989 3.128847834665068
2.048008954839714 3.6025389937081846
3.1125670041691484 2.8348904093089393
1.6488475731845649 2.892837846348595
1.7186929286096952 3.3059367503143195
2.4355918963489276 3.4170231553001
1.9821142639941818 3.1217753238435924
1.9595290328952686 3.418786896098112
1.9291017326058524 3.3220506980751896
1.8110271428614184 3.04637978905349
1.7925326453590167 2.892902678884306
2.493190790162845 3.4034380152711625
2.7303090796447993 3.4077799963877613
1.3915533594117102 2.631015588217557
1.3653508758802948 2.606962901416129
3.521884586721577 3.362316665379725
2.3076083215362098 3.210217941508776
1.6749518886870325 3.1539822559996833
0.03934620631448688 0.4426989508565838
-0.24413144938344833 0.4056518848486864
-0.14843289107583557 0.3940550174234783
-0.13235838633313077 0.5371547856002324
-0.16470083053694495 0.42038059799605726
0.1021151552887455 0.5762541116985718
-0.10796614340394814 0.49849376842468063
0.00992215395021564 0.09911460443132163
0.1968388697507789 0.3976095183734377
0.22206625743368422 0.4156354589608149
0.0356798884236549 0.18549079218805212
0.34366232592384194 0.47493002818511526
0.004945513751006372 0.07015023624045354
0.0778340780735123 0.26791031030022067
0.10905091269330572 0.31170308168320465
1.11663499151505 2.71732711616519
1.8587793045034584 3.2631886582754905
1.919410632674989 3.128847834665068
2.048008954839714 3.6025389937081846
3.1125670041691484 2.8348904093089393
1.6488475731845649 2.892837846348595
1.7186929286096952 3.3059367503143195
2.4355918963489276 3.4170231553001
1.9821142639941818 3.121775323843593
1.9595290328952686 3.4187868960981116
1.9291017326058524 3.3220506980751896
1.8110271428614184 3.04637978905349
1.7925326453590167 2.892902678884306
2.493190790162845 3.4034380152711625
2.7303090796447993 3.407779996387761
1.3915533594117102 2.6310155882175574
1.3653508758802948 2.606962901416129
3.521884586721577 3.3623166653797263
2.3076083215362098 3.2102179415087764
1.6749518886870325 3.1539822559996833
0.03934620631448691 0.4426989508565838
-0.24413144938344833 0.4056518848486864
-0.14843289107583557 0.3940550174234783
-0.13235838633313074 0.5371547856002324
-0.16470083053694495 0.42038059799605726
0.10211515528874558 0.5762541116985718
-0.10796614340394814 0.49849376842468063
0.00992215395021564 0.09911460443132163
0.1968388697507789 0.3976095183734377
0.22206625743368422 0.4156354589608149
0.0356798884236549 0.18549079218805212
0.34366232592384194 0.47493002818511526
0.004945513751006372 0.07015023624045354
0.0778340780735123 0.2679103103002207
0.10905091269330572 0.31170308168320465
1.11663499151505 2.71732711616519
1.8587793045034584 3.2631886582754905
1.919410632674989 3.128847834665068
2.048008954839714 3.6025389937081846
3.1125670041691484 2.8348904093089393
1.6488475731845649 2.8928378463485953
1.7186929286096952 3.3059367503143187
2.4355918963489276 3.4170231553001
1.9821142639941818 3.121775323843593
1.9595290328952686 3.418786896098112
1.9291017326058524 3.3220506980751887
1.8110271428614184 3.04637978905349
1.7925326453590167 2.8929026788843055
2.493190790162845 3.4034380152711625
2.7303090796447993 3.4077799963877604
1.3915533594117102 2.631015588217557
1.3653508758802948 2.606962901416129
3.521884586721577 3.3623166653797263
2.3076083215362098 3.2102179415087764
1.6749518886870325 3.1539822559996833
0.03934620631448692 0.4426989508565838
-0.24413144938344833 0.4056518848486864
-0.14843289107583557 0.39405501742347837
-0.13235838633313074 0.5371547856002324
-0.16470083053694495 0.4203805979960572
0.10211515528874551 0.5762541116985718
-0.10796614340394814 0.49849376842468063
0.00992215395021564 0.09911460443132163
0.1968388697507789 0.3976095183734377
0.22206625743368422 0.4156354589608149
0.0356798884236549 0.18549079218805212
0.34366232592384194 0.47493002818511526
0.004945513751006372 0.07015023624045354
0.0778340780735123 0.2679103103002207
0.10905091269330572 0.31170308168320465
1.11663499151505 2.71732711616519
1.8587793045034584 3.2631886582754905
1.919410632674989 3.128847834665068
2.048008954839714 3.6025389937081846
3.1125670041691484 2.8348904093089393
1.6488475731845649 2.892837846348595
1.7186929286096952 3.3059367503143187
2.4355918963489276 3.4170231553001003
1.9821142639941818 3.121775323843593
1.9595290328952686 3.418786896098112
1.9291017326058524 3.3220506980751887
1.8110271428614184 3.04637978905349
1.7925326453590167 2.8929026788843055
2.493190790162845 3.4034380152711625
2.7303090796447993 3.407779996387761
1.3915533594117102 2.631015588217557
1.3653508758802948 2.606962901416129
3.521884586721577 3.3623166653797263
2.3076083215362098 3.2102179415087764
1.6749518886870325 3.1539822559996833
0.03934620631448691 0.4426989508565837
-0.24413144938344836 0.4056518848486864
-0.1484328910758356 0.39405501742347837
-0.13235838633313074 0.5371547856002324
-0.16470083053694495 0.4203805979960572
0.10211515528874555 0.5762541116985718
-0.10796614340394815 0.49849376842468063
0.00992215395021564 0.09911460443132161
0.1968388697507789 0.39760951837343733
0.22206625743368422 0.4156354589608149
0.0356798884236549 0.18549079218805214
0.34366232592384194 0.47493002818511526
0.004945513751006372 0.07015023624045354
0.0778340780735123 0.2679103103002207
0.10905091269330572 0.3117030816832046
1.11663499151505 2.71732711616519
1.8587793045034584 3.2631886582754905
1.919410632674989 3.128847834665068
2.048008954839714 3.6025389937081846
3.1125670041691484 2.8348904093089393
1.6488475731845649 2.892837846348595
1.7186929286096952 3.3059367503143187
2.4355918963489276 3.4170231553001
1.9821142639941818 3.1217753238435924
1.9595290328952686 3.4187868960981125
1.9291017326058524 3.3220506980751887
1.8110271428614184 3.0463797890534905
1.7925326453590167 2.8929026788843055
2.493190790162845 3.4034380152711625
2.7303090796447993 3.4077799963877613
1.3915533594117102 2.6310155882175565
1.3653508758802948 2.606962901416129
3.521884586721577 3.3623166653797263
2.3076083215362098 3.210217941508776
1.6749518886870325 3.1539822559996833
0.03934620631448689 0.4426989508565836
-0.24413144938344833 0.4056518848486864
-0.1484328910758356 0.39405501742347837
-0.13235838633313074 0.5371547856002324
-0.16470083053694495 0.4203805979960572
0.10211515528874555 0.5762541116985718
-0.10796614340394813 0.49849376842468063
0.00992215395021564 0.09911460443132161
0.1968388697507789 0.39760951837343733
0.22206625743368422 0.4156354589608149
0.0356798884236549 0.18549079218805214
0.34366232592384194 0.4749300281851153
0.004945513751006372 0.07015023624045354
0.0778340780735123 0.2679103103002207
0.10905091269330572 0.3117030816832046
1.11663499151505 2.71732711616519
1.8587793045034584 3.263188658275491
1.919410632674989 3.128847834665068
2.048008954839714 3.602538993708185
3.1125670041691484 2.8348904093089393
1.6488475731845649 2.892837846348595
1.7186929286096952 3.3059367503143195
2.4355918963489276 3.4170231553001
1.9821142639941818 3.1217753238435924
1.9595290328952686 3.4187868960981125
1.9291017326058524 3.3220506980751887
1.8110271428614184 3.0463797890534905
1.7925326453590167 2.8929026788843055
2.493190790162845 3.4034380152711625
2.7303090796447993 3.407779996387761
1.3915533594117102 2.631015588217557
1.3653508758802948 2.6069629014161286
3.521884586721577 3.3623166653797263
2.3076083215362098 3.2102179415087755
1.6749518886870325 3.1539822559996833
0.039346206314486855 0.4426989508565837
-0.2441314493834483 0.4056518848486864
-0.14843289107583557 0.39405501742347837
-0.1323583863331307 0.5371547856002324
-0.16470083053694495 0.42038059799605715
0.1021151552887455 0.5762541116985718
-0.10796614340394813 0.49849376842468063
0.00992215395021564 0.09911460443132161
0.1968388697507789 0.39760951837343744
0.22206625743368422 0.4156354589608149
0.0356798884236549 0.18549079218805214
0.34366232592384194 0.4749300281851153
0.004945513751006372 0.07015023624045354
0.0778340780735123 0.2679103103002207
0.10905091269330572 0.3117030816832046
1.11663499151505 2.7173271161651904
1.8587793045034584 3.2631886582754905
1.919410632674989 3.1288478346650686
2.048008954839714 3.6025389937081846
3.1125670041691484 2.8348904093089393
1.6488475731845649 2.892837846348595
1.7186929286096952 3.3059367503143195
2.4355918963489276 3.4170231553001003
1.9821142639941818 3.1217753238435924
1.9595290328952686 3.4187868960981125
1.9291017326058524 3.3220506980751887
1.8110271428614184 3.0463797890534905
1.7925326453590167 2.8929026788843055
2.493190790162845 3.403438015271162
2.7303090796447993 3.407779996387761
1.3915533594117102 2.6310155882175565
1.3653508758802948 2.6069629014161286
3.521884586721577 3.3623166653797263
2.3076083215362098 3.210217941508776
1.6749518886870325 3.1539822559996833
0.03934620631448682 0.44269895085658373
-0.2441314493834483 0.4056518848486864
-0.14843289107583557 0.39405501742347837
-0.1323583863331307 0.5371547856002324
-0.164700830536945 0.42038059799605715
0.10211515528874557 0.5762541116985718
-0.10796614340394806 0.49849376842468063
0.00992215395021564 0.09911460443132161
0.1968388697507789 0.39760951837343744
0.22206625743368422 0.4156354589608149
0.0356798884236549 0.18549079218805214
0.34366232592384194 0.4749300281851153
0.004945513751006372 0.07015023624045354
0.0778340780735123 0.2679103103002207
0.10905091269330572 0.3117030816832046
1.11663499151505 2.717327116165191
1.8587793045034584 3.2631886582754905
1.919410632674989 3.1288478346650686
2.048008954839714 3.602538993708185
3.1125670041691484 2.834890409308939
1.6488475731845649 2.892837846348595
1.7186929286096952 3.3059367503143195
2.4355918963489276 3.4170231553001
1.9821142639941818 3.1217753238435924
1.9595290328952686 3.418786896098112
1.9291017326058524 3.3220506980751887
1.8110271428614184 3.04637978905349
1.7925326453590167 2.892902678884305
2.493190790162845 3.4034380152711625
2.7303090796447993 3.4077799963877613
1.3915533594117102 2.631015588217556
1.3653508758802948 2.6069629014161286
3.521884586721577 3.3623166653797263
2.3076083215362098 3.210217941508776
1.6749518886870325 3.1539822559996833
0.03934620631448681 0.4426989508565837
-0.2441314493834483 0.4056518848486864
-0.14843289107583554 0.39405501742347837
-0.1323583863331307 0.5371547856002324
-0.16470083053694495 0.42038059799605715
0.10211515528874558 0.5762541116985719
-0.10796614340394804 0.49849376842468063
0.00992215395021564 0.0991146044313216
0.1968388697507789 0.3976095183734375
0.22206625743368422 0.4156354589608149
0.0356798884236549 0.1854907921880521
0.34366232592384194 0.4749300281851153
0.004945513751006372 0.07015023624045354
0.0778340780735123 0.2679103103002207
0.10905091269330572 0.3117030816832046
1.11663499151505 2.717327116165191
1.8587793045034584 3.2631886582754905
1.919410632674989 3.1288478346650686
2.048008954839714 3.602538993708185
3.1125670041691484 2.834890409308939
1.6488475731845649 2.892837846348595
1.7186929286096952 3.30593675031432
2.4355918963489276 3.4170231553001
1.9821142639941818 3.1217753238435924
1.9595290328952686 3.418786896098112
1.9291017326058524 3.3220506980751887
1.8110271428614184 3.0463797890534905
1.7925326453590167 2.892902678884305
2.493190790162845 3.403438015271162
2.7303090796447993 3.4077799963877613
1.3915533594117102 2.631015588217556
1.3653508758802948 2.6069629014161286
3.521884586721577 3.3623166653797263
2.3076083215362098 3.2102179415087755
1.6749518886870325 3.1539822559996833
0.03934620631448684 0.4426989508565837
-0.2441314493834483 0.4056518848486864
-0.14843289107583554 0.39405501742347837
-0.13235838633313068 0.5371547856002324
-0.16470083053694495 0.42038059799605715
0.10211515528874562 0.5762541116985718
-0.10796614340394804 0.49849376842468063
0.00992215395021564 0.0991146044313216
0.1968388697507789 0.3976095183734375
0.22206625743368422 0.4156354589608149
0.0356798884236549 0.1854907921880521
0.34366232592384194 0.4749300281851153
0.004945513751006372 0.07015023624045354
0.0778340780735123 0.2679103103002207
0.10905091269330572 0.3117030816832046
